-115.48228165571565 0.8778091417340573 89
-487.9495842364806 0.5057535983897912 110
-201.8617797380016 0.2662522686041882 128
-245.77790570474318 0.10533270926593409 185
-367.6555953040035 0.013289101019874787 413
-127.85435696333568 0.01 162
-49.47674949293262 0.01 180
-117.91222275682247 0.01 163
-106.86930337116853 0.01 179
-326.46074100977023 0.01 288
-70.0854921724331 0.01 248
-124.0435448282614 0.01 175
-99.96109903654792 0.01 169
-242.41063010406953 0.01 270
-76.06609913070109 0.01 166
-295.93327865805884 0.01 202
-57.773274710534444 0.01 303
-442.37795385026743 0.01 535
-166.13165694730677 0.01 288
-42.93102383688425 0.01 465
-64.98735458125927 0.01 367
-183.56143635126165 0.01 214
-304.88472278498534 0.01 551
-192.45824877078212 0.01 876
-146.60106537378542 0.01 1000
-153.57089341241408 0.01 789
-161.7614225849312 0.01 1000
-72.53337097214641 0.01 1000
-133.5805505555571 0.01 1000
-50.27221518610759 0.01 1000
-83.29570188280343 0.01 1000
-55.447170349689394 0.01 1000
-137.59676795355827 0.01 1000
-155.23757692428623 0.01 1000
-113.18917012482835 0.01 1000
-86.02010954635492 0.01 121
-27.919456382451294 0.01 1000
-119.72817132272128 0.01 1000
58.80786151304403 0.01 1000
-100.10858864434682 0.01 1000
-89.21706908950003 0.01 427
-149.195619072996 0.01 298
-59.82674958232889 0.01 150
-66.92233674989124 0.01 1000
-47.716324252993466 0.01 113
-101.6811486374545 0.01 1000
-84.88859686149478 0.01 1000
-67.68143401267218 0.01 1000
-75.06859424713818 0.01 1000
-54.06008788646383 0.01 1000
-37.6900133371978 0.01 1000
-20.335385329728076 0.01 1000
15.410446122197742 0.01 1000
-35.43849628621604 0.01 1000
-41.872743177499245 0.01 1000
-54.438153681472556 0.01 1000
-34.4175798863968 0.01 1000
-98.3893635612638 0.01 1000
-79.47622482553997 0.01 275
-72.89548814665933 0.01 1000
-27.486121171848524 0.01 1000
-21.690572821009226 0.01 369
70.26684542988167 0.01 162
-108.75390352907245 0.01 1000
-30.678062233920386 0.01 1000
-103.76745131287409 0.01 173
-66.91347650077128 0.01 1000
-114.62973224022056 0.01 658
60.53183481507821 0.01 159
26.096267960874187 0.01 145
2.15824677369028 0.01 160
-64.83139873920757 0.01 1000
-146.1152134631821 0.01 516
-55.64975073125555 0.01 1000
-32.77240227940125 0.01 136
65.4276962307136 0.01 195
-538.3140151418538 0.01 197
-291.5825502373383 0.01 142
-244.65649854076295 0.01 110
-26.452834402464788 0.01 472
55.21655673201292 0.01 192
-77.62974087395936 0.01 256
-82.03899990104885 0.01 95
-34.4815888864143 0.01 106
-62.86605657219281 0.01 1000
-34.52928803167388 0.01 1000
-49.25281795340096 0.01 1000
-98.33043454184379 0.01 206
-20.369171914841584 0.01 1000
-28.88360955922498 0.01 1000
-39.452661764209985 0.01 1000
53.28045370015125 0.01 1000
-137.9942362298359 0.01 591
6.503492700008181 0.01 122
11.691963039596601 0.01 109
25.93794142674643 0.01 1000
131.90837154583377 0.01 1000
206.20029212308788 0.01 577
87.75625903733278 0.01 1000
37.99801609069331 0.01 1000
144.45395662202714 0.01 1000
152.87071294338762 0.01 927
-2.127411023413625 0.01 1000
73.90746741507493 0.01 978
-78.49407236063166 0.01 100
-26.06343299396601 0.01 1000
-13.474607675297392 0.01 116
90.99047337922127 0.01 1000
-28.09456761446522 0.01 1000
148.1211404063082 0.01 668
70.48280757616013 0.01 941
193.82799651139334 0.01 277
-104.66264713174773 0.01 100
26.730869513077934 0.01 1000
-69.67365572021703 0.01 530
92.67188177060899 0.01 1000
177.0049111847169 0.01 816
165.89940255818422 0.01 1000
181.58483350346478 0.01 478
97.57664650895893 0.01 1000
188.98486003427587 0.01 684
191.02685193191698 0.01 497
-89.73430680056676 0.01 492
222.58375964449073 0.01 860
30.576658229432788 0.01 1000
219.7405253118122 0.01 500
225.20525794534262 0.01 584
208.9640683095787 0.01 448
124.22739409426529 0.01 549
208.90573506689924 0.01 478
266.2136179523587 0.01 384
40.94980296352395 0.01 365
199.90285536683197 0.01 581
133.02009426203938 0.01 743
168.78455331751627 0.01 719
-10.521176636031825 0.01 109
10.132521496396336 0.01 117
194.1423012558044 0.01 471
216.71315655627532 0.01 471
181.23614603855145 0.01 687
218.6419284936388 0.01 595
176.75712531478408 0.01 615
-49.376288076210166 0.01 126
167.5994073276035 0.01 395
215.14937750821392 0.01 520
239.7665556859918 0.01 435
271.39296414019634 0.01 382
-325.49908465421083 0.01 487
260.6813315243251 0.01 384
256.14070797898614 0.01 431
235.576923920779 0.01 443
276.1251001539308 0.01 328
183.48149085391395 0.01 409
82.52361403977548 0.01 1000
206.1999161152744 0.01 375
224.74670382324058 0.01 346
217.83444621286094 0.01 401
257.2249590916199 0.01 298
245.792033012345 0.01 510
76.13144995745925 0.01 1000
313.5606640810091 0.01 281
291.2639614610151 0.01 248
303.7283158093978 0.01 194
200.64062758672617 0.01 506
139.26270269309094 0.01 385
277.89959160337537 0.01 259
236.756718797329 0.01 281
189.8657042413933 0.01 713
99.07693675630763 0.01 1000
292.38582931256633 0.01 319
194.87267048928476 0.01 796
-78.07995131500154 0.01 191
251.2731292616815 0.01 404
-17.86900570199178 0.01 279
205.9267386247793 0.01 398
236.41623834569933 0.01 584
256.69834458885873 0.01 344
250.94453463849456 0.01 296
219.821502190224 0.01 302
296.3544077849922 0.01 412
279.076372637684 0.01 199
218.11166161414644 0.01 347
215.38925326320663 0.01 430
270.9135573676564 0.01 448
116.76141649553826 0.01 1000
246.41807744313763 0.01 310
258.0063853672857 0.01 374
245.86388853850275 0.01 297
264.82275625819716 0.01 273
255.63051702810142 0.01 324
270.0037563100744 0.01 255
257.5421519835499 0.01 286
-33.73925771815408 0.01 214
284.0368014926408 0.01 223
281.7931451900656 0.01 718
14.82085163959286 0.01 183
-56.49143660683259 0.01 158
286.482957085399 0.01 243
257.9209931189615 0.01 625
271.88512227129274 0.01 359
-245.98823119954696 0.01 428
293.86962348754264 0.01 214
246.15721777350774 0.01 381
261.8661629195267 0.01 370
264.99023321310676 0.01 290
253.94185219501463 0.01 281
24.038913593532115 0.01 268
264.6234601924571 0.01 296
155.90928126337036 0.01 486
303.7417994749579 0.01 358
236.29074132550852 0.01 460
48.2119297523021 0.01 240
26.15159432817812 0.01 277
243.6427547072523 0.01 422
277.30038186151114 0.01 244
257.46126176372064 0.01 307
275.38491348508 0.01 293
267.785774554508 0.01 311
274.89582164384194 0.01 296
257.4977279264707 0.01 302
253.33267792193072 0.01 356
-20.14113762962718 0.01 195
14.403376529085378 0.01 209
276.8309295815375 0.01 250
-11.851962091835361 0.01 216
228.39954408838736 0.01 359
278.49263381825176 0.01 299
269.0779093343357 0.01 304
239.94721077278993 0.01 274
276.02552257140326 0.01 287
282.8284713948301 0.01 302
188.59354780017532 0.01 424
15.522177508886685 0.01 238
86.54999636748703 0.01 1000
249.90506429236217 0.01 294
278.18916125798376 0.01 239
-50.62443580535813 0.01 338
180.16456547706775 0.01 583
-56.16741342349403 0.01 162
24.44419682757352 0.01 193
221.5479411175795 0.01 396
7.480988366198034 0.01 215
19.919807274735035 0.01 167
222.9516607965639 0.01 346
275.28878185510405 0.01 410
256.52222577838216 0.01 280
122.51174258161977 0.01 1000
26.17963498506286 0.01 247
237.48855244287228 0.01 480
244.72354948353674 0.01 330
273.5449422748319 0.01 448
292.3862286236366 0.01 448
-191.46769334070666 0.01 261
226.38513741282307 0.01 680
242.72952986831694 0.01 432
6.974298747425863 0.01 175
276.16296486851195 0.01 443
-34.12853730727478 0.01 165
-34.54342750575486 0.01 172
193.22932982401142 0.01 518
146.59975104937737 0.01 1000
61.74052916073572 0.01 250
-92.69045135651186 0.01 185
215.49580945557494 0.01 598
213.12301693357074 0.01 311
4.505274580154293 0.01 178
292.88942686505357 0.01 319
293.759121138738 0.01 332
225.0767368354542 0.01 335
237.9164611702452 0.01 245
-2.2159126571149272 0.01 527
-5.003852579925706 0.01 559
26.98259978248366 0.01 323
254.22370887368342 0.01 245
-37.442175375072935 0.01 398
285.13580184417754 0.01 318
306.56016892359116 0.01 268
235.18317292388448 0.01 451
277.04302841660717 0.01 370
276.05352904646395 0.01 393
233.32430262881593 0.01 254
268.46535433258015 0.01 322
297.7646270281958 0.01 355
284.21026131155986 0.01 394
278.4405372430027 0.01 274
-17.30589392905442 0.01 150
205.50073297085754 0.01 539
-37.46100443429047 0.01 224
-73.11957806295914 0.01 156
291.6103097267135 0.01 293
239.27268567034184 0.01 216
246.36792010555476 0.01 336
267.25314931115844 0.01 476
10.777809402320742 0.01 180
-68.61443163479123 0.01 244
214.20142672922404 0.01 344
291.1796139355781 0.01 301
250.28580646169053 0.01 237
11.297651434814696 0.01 210
266.1214285795192 0.01 286
199.7098960967345 0.01 353
264.22025808766557 0.01 262
184.1226260888143 0.01 306
265.369633293704 0.01 217
252.85674319426147 0.01 316
292.9195614845806 0.01 295
255.6708403671144 0.01 269
231.39743999015815 0.01 288
200.27688848808523 0.01 260
235.14196065310432 0.01 266
295.32840513798584 0.01 271
272.0185080338623 0.01 604
150.24500190386777 0.01 335
260.08709588332226 0.01 230
-12.090505931773478 0.01 213
262.346301228632 0.01 277
269.1251137358274 0.01 291
115.01196761760073 0.01 1000
297.0508638616368 0.01 196
286.6595945947032 0.01 199
263.6213186560258 0.01 345
267.5744694936124 0.01 420
221.0407186768197 0.01 218
292.8749853791667 0.01 263
-57.48529690679023 0.01 85
26.24302359778899 0.01 114
248.9434403525859 0.01 212
-183.5313189594114 0.01 242
260.97157264252496 0.01 380
267.3551113646546 0.01 241
234.96051998505376 0.01 210
217.33988556000384 0.01 231
245.33432029723912 0.01 219
251.74810513531276 0.01 246
53.916021322473114 0.01 131
286.7072149065458 0.01 302
223.4581430219108 0.01 237
272.65481870861504 0.01 244
-180.84852516931545 0.01 592
264.3973686719299 0.01 242
16.96254321531697 0.01 154
238.8183946380099 0.01 664
256.56716817957965 0.01 245
276.83270245680285 0.01 360
34.83237395972213 0.01 192
278.31186034511006 0.01 214
237.6449003207722 0.01 285
-27.90617118610065 0.01 166
65.38455972626122 0.01 208
273.6410566956575 0.01 257
-7.002704285441354 0.01 137
210.51549089535155 0.01 339
-11.240964884740066 0.01 101
-62.77993442027865 0.01 405
253.71637721181875 0.01 236
271.21612846131654 0.01 447
240.8039260185829 0.01 232
0.9495266757769656 0.01 154
295.7519224645317 0.01 339
255.65774840350912 0.01 342
253.75861455906482 0.01 343
-250.9481122533483 0.01 222
271.5676695312994 0.01 337
280.0743948382328 0.01 257
265.01048483237423 0.01 260
281.431855151492 0.01 289
267.4109825802009 0.01 245
263.78115517826177 0.01 302
-79.78676665074755 0.01 362
227.87650435824105 0.01 263
277.02058929875307 0.01 224
278.2702414919642 0.01 207
-41.75255597397573 0.01 246
267.5059424623177 0.01 210
252.24892718096444 0.01 224
273.5525298928477 0.01 240
251.19917517181935 0.01 228
258.19213299317596 0.01 278
220.64448113834595 0.01 322
283.606641624159 0.01 299
9.995930455813024 0.01 173
225.13980245181813 0.01 560
281.13290853694787 0.01 435
275.3976929573031 0.01 273
294.40488503084174 0.01 357
236.03856092824287 0.01 361
293.21517446370467 0.01 281
281.2640547514204 0.01 513
282.79655355967964 0.01 227
237.33768323110112 0.01 230
290.3898588738383 0.01 245
263.8046031924399 0.01 282
293.3478864195164 0.01 326
249.0985775375463 0.01 244
258.0134218800248 0.01 266
187.22746683087198 0.01 304
34.73181290783299 0.01 172
289.7164016545074 0.01 255
275.6158709905337 0.01 285
235.68117518513785 0.01 397
266.45534201431985 0.01 265
278.4317646802665 0.01 276
271.0130546640702 0.01 210
284.7564881102472 0.01 253
283.4108799694146 0.01 223
284.24682954707106 0.01 234
288.32696314702014 0.01 322
283.4147923289837 0.01 288
276.0950856619661 0.01 336
213.67314184264654 0.01 282
268.27121401422846 0.01 262
148.01639746546576 0.01 468
252.98100653025975 0.01 218
242.99497320777309 0.01 289
235.99237636507496 0.01 293
-5.186977967118494 0.01 144
244.75003672036118 0.01 249
-49.28047675454206 0.01 86
233.6451053610573 0.01 266
256.876917671784 0.01 294
218.48890850536944 0.01 322
250.35728746015437 0.01 273
261.3548942665775 0.01 230
255.87737044522754 0.01 306
-44.13548950419944 0.01 125
34.038343090044634 0.01 96
17.360600916718866 0.01 125
17.064608367387848 0.01 213
7.763247439114238 0.01 155
50.51287505102076 0.01 140
233.97700144083845 0.01 222
16.91451180288476 0.01 187
252.81035666788006 0.01 291
236.72589589568173 0.01 359
237.049909397512 0.01 267
231.0128612989773 0.01 313
249.05989324935896 0.01 248
261.4184928289512 0.01 409
273.1569958700591 0.01 254
226.29854332999128 0.01 497
234.49619056551975 0.01 264
33.255270368574344 0.01 1000
287.34209138758865 0.01 247
278.2523024784233 0.01 224
266.21155847931243 0.01 258
260.41280566759224 0.01 352
242.658644137386 0.01 318
-112.84790908883964 0.01 99
227.38163514028932 0.01 327
279.49623833552306 0.01 226
234.71398337613576 0.01 345
266.15218209840305 0.01 382
229.36992689030686 0.01 318
257.7218407539175 0.01 276
226.54083726174204 0.01 289
-19.711104369724154 0.01 88
-9.851810749558425 0.01 91
14.46469174868416 0.01 139
256.2384323279123 0.01 184
-748.9187644730321 0.01 88
242.02881458375134 0.01 253
237.04011256572346 0.01 189
276.2717697022289 0.01 256
270.0667702454084 0.01 226
257.1605868253778 0.01 259
270.3007809955623 0.01 235
261.69862749441563 0.01 289
253.77417929284647 0.01 285
-1.050619944905975 0.01 123
32.8331883913348 0.01 136
256.70875073582715 0.01 287
250.6598519591956 0.01 218
256.7922667482138 0.01 799
72.06353404258252 0.01 124
-110.41858883712713 0.01 143
297.2415156422654 0.01 175
260.39526640225733 0.01 243
168.57189633479288 0.01 495
270.4342873907798 0.01 272
247.16174960895202 0.01 252
258.77951460795987 0.01 201
59.09682363390917 0.01 208
219.75395322637644 0.01 285
-23.452800999235023 0.01 135
259.1758685644156 0.01 271
163.73613888240368 0.01 486
293.6043596236916 0.01 229
286.72974487344527 0.01 214
-9.94977852220012 0.01 171
57.49693053913754 0.01 146
292.7794034569557 0.01 315
268.3964199175015 0.01 338
268.34214231737354 0.01 309
267.4250906657802 0.01 292
261.7853893106816 0.01 269
234.072382556769 0.01 238
75.4565083209142 0.01 124
274.90395678993355 0.01 224
279.3790948541335 0.01 222
257.62526742584214 0.01 266
233.2310950763645 0.01 336
33.29360777620627 0.01 136
263.997392194491 0.01 220
265.6548088245572 0.01 290
247.22328378521115 0.01 256
235.63302007580276 0.01 309
251.2964616418131 0.01 237
-2.7024657097612845 0.01 125
259.7750044873135 0.01 439
241.18581276577493 0.01 271
250.5834962337053 0.01 302
2.3007858276396718 0.01 126
-151.51066215954953 0.01 59
49.52850659010622 0.01 109
27.051786937459752 0.01 114
231.59601881649294 0.01 526
276.4517947005981 0.01 321
159.50261685418442 0.01 823
270.59773864782807 0.01 625
288.849497637529 0.01 255
235.4417440104605 0.01 185
283.6516731516839 0.01 401
264.84040418203324 0.01 374
-231.37301798887188 0.01 92
279.2050373653843 0.01 172
35.55209428321416 0.01 120
-120.3719582053375 0.01 85
29.213321448242453 0.01 118
290.43061776175597 0.01 302
-375.97791559191046 0.01 173
-25.744975806902772 0.01 99
-25.799087677210295 0.01 117
256.16122589621057 0.01 271
8.197171189281434 0.01 99
-44.522707877551795 0.01 99
275.2422450580561 0.01 316
253.1492631560092 0.01 374
237.96694634330856 0.01 418
238.1056478814576 0.01 376
261.07510755356213 0.01 382
52.921574574666096 0.01 122
-510.6804457092647 0.01 121
12.37010643765798 0.01 121
279.7307190295115 0.01 214
240.7514622579178 0.01 424
244.10058481683916 0.01 589
306.44795893609756 0.01 214
228.56987718638302 0.01 283
236.44075123046048 0.01 252
-5.887460808740016 0.01 114
281.270288640088 0.01 281
-24.703742588758686 0.01 152
263.27064833327825 0.01 249
224.04385125359414 0.01 279
-67.49247228651626 0.01 394
250.68710855559982 0.01 315
-509.81906163055584 0.01 85
29.61817604016227 0.01 112
273.8986319752508 0.01 472
251.06154866731868 0.01 201
294.02581219225766 0.01 251
232.36229934048683 0.01 148
-7.493476099227095 0.01 123
221.89130366093468 0.01 304
11.696466711986787 0.01 133
28.067484110590527 0.01 115
-24.356965333556644 0.01 121
-458.81438326693296 0.01 84
-9.996550600769723 0.01 117
244.39099615238064 0.01 223
273.9278310498428 0.01 315
26.212484728607862 0.01 329
231.53154882465765 0.01 306
184.72028740171044 0.01 206
185.53345356898836 0.01 588
290.39584999946567 0.01 328
3.5413325597642427 0.01 145
31.984690910271524 0.01 110
280.9867739670393 0.01 295
-24.811566551195455 0.01 134
229.64880404636747 0.01 461
50.252260279779534 0.01 141
-60.25836036674085 0.01 123
281.0090203725267 0.01 225
-15.590596510260127 0.01 95
69.44963648774669 0.01 163
34.3807916941544 0.01 160
28.044277178625237 0.01 108
236.55813124839415 0.01 261
55.16992399425422 0.01 200
-13.872854488123465 0.01 247
10.379464514061155 0.01 116
260.65196203219614 0.01 387
33.07617877201852 0.01 126
248.72784958017127 0.01 395
36.14829022099488 0.01 133
268.2823117170375 0.01 662
283.35650610949483 0.01 336
19.95002620521275 0.01 125
224.97912724457612 0.01 274
277.4650337061595 0.01 241
22.74487084887825 0.01 120
301.0405411503209 0.01 258
271.5919301450607 0.01 228
308.35301123453996 0.01 216
243.30431940952997 0.01 255
68.66304490612893 0.01 167
-45.56624751078111 0.01 137
260.48453339244213 0.01 280
29.287912619506358 0.01 204
-296.948452008432 0.01 232
-83.01278730181363 0.01 107
255.31506022854464 0.01 166
-49.47714446960789 0.01 108
249.01316091933666 0.01 242
312.39589382313306 0.01 222
-18.555000397862173 0.01 117
4.087729680106747 0.01 134
275.037362019425 0.01 286
280.3756463327769 0.01 232
281.86942625514695 0.01 260
79.56454776883294 0.01 202
11.3552605117587 0.01 135
20.66314494384602 0.01 143
-5.8671455339583645 0.01 135
273.6917538260202 0.01 316
253.23846968309073 0.01 203
245.41820864254404 0.01 278
280.59263036751855 0.01 224
230.709326583006 0.01 310
294.54851661354854 0.01 181
-4.398808060975128 0.01 114
15.523095911850831 0.01 147
265.1915016143189 0.01 169
-12.896081702085127 0.01 123
259.0736631343609 0.01 373
272.0048374170707 0.01 276
257.92959955409526 0.01 205
62.57795170059018 0.01 151
255.97867935639582 0.01 199
267.84916588717874 0.01 365
7.063333563476064 0.01 132
290.60155728605844 0.01 207
299.20156891822273 0.01 235
261.478522798229 0.01 213
40.46711228203941 0.01 151
-57.52285782814828 0.01 134
272.97377137885996 0.01 229
269.52780749172916 0.01 377
282.8109081073874 0.01 251
-31.24613865450408 0.01 136
254.1567512188129 0.01 205
50.25629133144045 0.01 174
296.76700795219284 0.01 248
266.7151239975026 0.01 215
269.3098773009108 0.01 496
257.3721943333926 0.01 296
270.6340623234715 0.01 200
236.57847417477979 0.01 427
249.06616009194633 0.01 221
240.39558756147508 0.01 299
277.7465324222567 0.01 232
6.4797231149207875 0.01 100
263.23122341779197 0.01 272
291.54132439509976 0.01 255
-31.74621860313532 0.01 99
265.3788448700734 0.01 388
209.99664096702202 0.01 375
254.2334560669244 0.01 241
244.33038171183878 0.01 412
275.0721088114616 0.01 336
-96.25887909498925 0.01 173
290.80483040506124 0.01 237
-16.678605208826596 0.01 129
-12.584472701807869 0.01 115
252.11388037082784 0.01 345
284.8201210755112 0.01 227
291.20111935211037 0.01 184
-13.61878847288186 0.01 72
269.526002687805 0.01 258
270.750269269151 0.01 197
267.2162074618651 0.01 259
-235.92906248322768 0.01 250
4.040454910574326 0.01 227
271.31265924999593 0.01 256
243.47365216155097 0.01 202
292.336477584788 0.01 258
267.2662895050636 0.01 220
284.1375772887476 0.01 787
251.13565550215878 0.01 216
302.1931927475242 0.01 237
282.3828863402582 0.01 248
-102.87172870097383 0.01 63
271.27318465472797 0.01 274
257.83013062998714 0.01 351
-44.978698064906766 0.01 97
260.4010057410553 0.01 191
259.1561740634704 0.01 351
282.3631151113325 0.01 174
250.08221098134214 0.01 544
281.4167472657722 0.01 536
285.6707939886397 0.01 299
274.65859745564626 0.01 269
-37.659115815527755 0.01 118
0.583286237206778 0.01 84
282.5433359432895 0.01 292
243.56976344527155 0.01 227
-42.25600253419594 0.01 132
264.68964771813944 0.01 191
225.35360228530806 0.01 382
-29.290347764943732 0.01 139
293.67497874394786 0.01 244
-46.461403852256886 0.01 119
279.4581298801976 0.01 263
234.992382120155 0.01 201
-293.6717622148307 0.01 196
274.51329326628866 0.01 482
248.9937421582972 0.01 379
292.164560260446 0.01 258
297.11993282907815 0.01 192
254.75213990059936 0.01 282
282.4673975527451 0.01 205
246.12486060565962 0.01 236
34.92748868435456 0.01 186
-131.11083273397256 0.01 158
255.27093183658286 0.01 219
-2.2537015287757356 0.01 125
165.76303521848348 0.01 1000
52.72621166787664 0.01 123
292.3648953521003 0.01 311
268.1002279241455 0.01 445
231.8224388111668 0.01 233
291.24479844422217 0.01 238
249.47879121395 0.01 236
242.44487674060838 0.01 468
258.73223285759707 0.01 201
262.2237057388107 0.01 276
282.0419541159504 0.01 199
273.0412040098359 0.01 337
265.95808852472675 0.01 314
-144.87528415437814 0.01 208
-25.641511814448677 0.01 157
290.88782193871543 0.01 508
230.55006300972016 0.01 232
240.1628267312295 0.01 243
280.74351762364796 0.01 213
261.5584784856368 0.01 217
3.2874626365053246 0.01 154
-137.75142185512436 0.01 307
290.30543925608595 0.01 285
4.16464652484089 0.01 120
17.748859582872242 0.01 101
-59.96838297586076 0.01 103
251.06802887565675 0.01 221
258.1114853806963 0.01 191
251.65442106832282 0.01 266
267.620932960857 0.01 279
257.4204361323531 0.01 358
-121.30045639372767 0.01 213
263.5345758901101 0.01 163
262.58079545977233 0.01 241
295.2977998283215 0.01 406
-225.84491078914306 0.01 195
275.6595016045611 0.01 354
188.25889652242677 0.01 307
-196.3966063639487 0.01 259
272.23470426443964 0.01 403
275.0873439945715 0.01 209
-7.3770973659457155 0.01 176
253.93150233645156 0.01 328
-9.721747453744726 0.01 271
281.4985972691809 0.01 280
-19.487869909239862 0.01 209
47.29379467092957 0.01 90
-14.136673107066144 0.01 165
287.19752467133645 0.01 200
288.97519894487766 0.01 231
-204.955387703059 0.01 388
275.90548285793125 0.01 202
249.3906361441741 0.01 220
276.5957284073516 0.01 180
39.41206787582837 0.01 143
-28.131210387038337 0.01 100
288.8921704177397 0.01 202
-289.503767545606 0.01 84
275.6771733319297 0.01 199
-29.786405833815635 0.01 113
239.27407013878397 0.01 227
275.7757694939911 0.01 235
1.4558462189627193 0.01 108
-17.0701015448425 0.01 155
-3.849566360297942 0.01 134
238.49996220993802 0.01 255
-38.737805961004284 0.01 126
30.200259432650626 0.01 166
286.9686021060582 0.01 335
279.432121076323 0.01 282
274.25955844908896 0.01 180
242.27311378301656 0.01 336
295.34389685439874 0.01 229
287.52629788400964 0.01 214
285.73033967245215 0.01 233
252.66255522444357 0.01 329
12.580779246463493 0.01 115
276.97407078339324 0.01 225
285.75189135324797 0.01 258
244.7329875731879 0.01 201
241.92240870428788 0.01 217
224.14578776526744 0.01 866
251.6223091938845 0.01 312
279.00559960434884 0.01 221
267.42426797953647 0.01 191
260.6922648792945 0.01 191
254.52608859413405 0.01 292
-83.51800626897264 0.01 177
-22.652835391026045 0.01 126
253.85726006291446 0.01 216
13.304305074547969 0.01 99
271.06007240139434 0.01 206
273.647565182952 0.01 275
289.6145709080841 0.01 195
312.32639257283057 0.01 228
282.7960880705625 0.01 207
274.514852268328 0.01 186
302.22779545400056 0.01 222
3.1341818426488004 0.01 190
232.8872772900432 0.01 237
238.4902297990812 0.01 190
256.2836582401834 0.01 681
9.204723285324988 0.01 112
52.813726142029395 0.01 139
-259.83693724547624 0.01 136
-23.51908199744541 0.01 318
274.11321006984224 0.01 197
-19.50614217848789 0.01 97
254.18709653546767 0.01 168
-50.22558222531646 0.01 152
254.107029644466 0.01 206
265.1605521161726 0.01 191
248.47699684430108 0.01 300
268.50705300435243 0.01 204
275.2784799772327 0.01 462
-6.144957055138676 0.01 136
260.2760857459779 0.01 201
295.2293062564555 0.01 235
269.3396259707597 0.01 252
235.33144270422858 0.01 298
247.78308687553027 0.01 225
227.68010513739677 0.01 245
-90.62852078329297 0.01 245
240.00178328855924 0.01 220
318.48315528804267 0.01 226
257.78827536733166 0.01 225
289.7147877763041 0.01 215
-40.69963957962799 0.01 108
260.91736287011554 0.01 212
304.0975937508009 0.01 221
56.562929379432774 0.01 147
270.86844399931846 0.01 296
241.21769585681258 0.01 214
284.5643374792611 0.01 236
49.931415158372346 0.01 140
89.81007438590268 0.01 181
-13.660763823715854 0.01 101
268.6669115611003 0.01 272
-19.13162782956161 0.01 182
276.84717069687446 0.01 229
228.5941732446328 0.01 382
55.56376098384794 0.01 120
21.182437650225282 0.01 93
251.94469260185156 0.01 258
55.07111425971863 0.01 146
14.977562820361442 0.01 157
58.63050721472257 0.01 155
294.88495936714924 0.01 230
264.3400138807583 0.01 347
230.73086720397822 0.01 304
227.5980250832866 0.01 924
237.13423486104068 0.01 194
281.9534970664977 0.01 208
292.58070530537384 0.01 499
201.54084688665512 0.01 425
18.668802215616438 0.01 155
-36.27653573361158 0.01 152
207.28247897913457 0.01 347
29.802171297301157 0.01 102
295.4407662306983 0.01 253
46.77584389720931 0.01 147
34.13207653607611 0.01 147
303.5851197898831 0.01 275
52.73960864955501 0.01 182
228.93667587558815 0.01 286
36.75535560420872 0.01 183
264.0149560632739 0.01 269
275.8118925233092 0.01 261
245.45494759314317 0.01 327
-143.8231333882878 0.01 171
318.6426620002022 0.01 272
286.86625928344114 0.01 257
277.44849436484833 0.01 232
264.3224706022352 0.01 308
197.35314236032343 0.01 326
-84.55208902617049 0.01 198
37.43355712382058 0.01 183
69.06786207913063 0.01 156
194.94358625348775 0.01 280
214.74518387553104 0.01 295
288.9294450355701 0.01 220
-215.44792412697112 0.01 241
255.89779699255314 0.01 180
44.333247191984015 0.01 143
75.7319666394697 0.01 176
21.59026770370528 0.01 124
86.06570402950635 0.01 167
243.38272121058614 0.01 236
24.991095319364305 0.01 138
262.06985947787143 0.01 229
274.06619428658314 0.01 324
30.125405500475296 0.01 143
30.91500277196556 0.01 169
287.8554482442988 0.01 204
268.05597100151283 0.01 248
269.8058802496347 0.01 210
45.31692210697318 0.01 134
288.3522555032569 0.01 367
20.57945711768764 0.01 128
50.407756235866 0.01 121
43.46148228943187 0.01 132
-1.5773952460729959 0.01 106
2.445986490128263 0.01 222
-0.2365550536984955 0.01 119
247.12553291875295 0.01 461
17.804918632368896 0.01 113
64.08406449302436 0.01 166
300.8745855436141 0.01 189
280.356390286517 0.01 409
271.7574295002787 0.01 188
218.19553310963894 0.01 663
275.0646664964995 0.01 232
2.697642908150854 0.01 105
79.6355133493528 0.01 184
-235.53141152165628 0.01 140
43.05050818141939 0.01 184
258.6357927999601 0.01 231
272.44652263407977 0.01 278
268.2024613214428 0.01 392
31.717559551555695 0.01 138
253.40701354436632 0.01 411
33.96352162767826 0.01 95
286.11784406209625 0.01 212
232.9133942467247 0.01 221
296.56285587846764 0.01 313
216.05977759448007 0.01 708
271.24183746768955 0.01 248
282.3244668257895 0.01 381
259.13026622229523 0.01 217
281.25506506296404 0.01 251
-97.5679137031219 0.01 234
275.3367024718278 0.01 324
264.2073782019176 0.01 228
275.66335643953335 0.01 261
22.192616500366228 0.01 106
24.642434266988246 0.01 121
269.95253873315437 0.01 283
296.8522038178476 0.01 256
75.09293880890837 0.01 133
253.3444230297186 0.01 252
282.8729278141617 0.01 140
268.8222529882631 0.01 229
272.81900115755906 0.01 258
302.99600211660265 0.01 249
57.500281610104565 0.01 167
42.16990235381675 0.01 173
21.77470433324457 0.01 102
288.3905215413182 0.01 177
253.34963254703513 0.01 445
246.37727210747374 0.01 483
275.77257992308773 0.01 265
279.5658402330662 0.01 358
-3.0768481890875705 0.01 109
-285.169787095146 0.01 298
244.602497739861 0.01 388
288.6972804140645 0.01 169
263.30219277370105 0.01 198
14.128415907594544 0.01 299
248.30210746206598 0.01 514
298.068151965181 0.01 209
260.30872727111057 0.01 291
10.656752854112824 0.01 100
307.42044906973945 0.01 387
62.4894034635027 0.01 162
53.57540444864284 0.01 187
6.111520731000525 0.01 232
251.44262506630238 0.01 249
292.80169114738504 0.01 265
-5.663764173490733 0.01 107
278.27847089887416 0.01 238
67.62824695872698 0.01 167
284.908404416453 0.01 278
282.3136546056128 0.01 220
-428.8583270875282 0.8142285204175609 104
-83.1751485938184 0.5790496471185967 68
-232.15711493283777 0.2743815040481898 149
-178.5743749340043 0.17043057265153258 95
-116.08398931301 0.09770335251664321 111
-420.38378660848673 0.0386526615487428 185
-213.69255736482415 0.01567956241402325 180
-275.113415155717 0.01 197
-68.98536482117764 0.01 189
-71.63222247868374 0.01 130
-161.53161778240624 0.01 1000
-202.14695447056732 0.01 269
-586.8923841158787 0.01 342
-79.8890288880801 0.01 378
-94.84826006164593 0.01 309
-87.16452357836971 0.01 298
-180.66722009087877 0.01 525
-112.40681565128499 0.01 295
-286.6392512373295 0.01 386
-111.78751285176207 0.01 361
-84.56170914832913 0.01 408
-243.67633382692057 0.01 882
-2.863688974809577 0.01 231
-23.156052494386287 0.01 115
-173.04778830840849 0.01 284
3.930744036005449 0.01 1000
-221.4316179668824 0.01 377
-161.10286989853557 0.01 1000
-55.526502322378775 0.01 1000
-227.62658866443948 0.01 1000
-629.9768105462157 0.01 619
-209.76355099219558 0.01 227
-212.45901886676668 0.01 1000
-311.90461172090505 0.01 1000
-250.75753909288895 0.01 1000
-328.27887665025105 0.01 1000
-386.8092179860581 0.01 660
-386.3140726125152 0.01 1000
-417.26643432636365 0.01 812
-506.96566622689215 0.01 125
-413.7748432272131 0.01 1000
-512.8422411042274 0.01 1000
-211.89157292076928 0.01 271
-156.74674536857327 0.01 1000
-209.91756609977278 0.01 1000
-243.3889477999568 0.01 1000
-337.9928432452684 0.01 580
-361.2767276466703 0.01 583
-234.48944114464325 0.01 1000
-440.01084800232655 0.01 1000
-277.7530213379703 0.01 1000
-343.98656176954177 0.01 1000
-301.25390645701106 0.01 1000
-192.08183633697263 0.01 177
-464.46101268405397 0.01 1000
-283.0919617504562 0.01 1000
-285.84133364352874 0.01 1000
-101.25434261095323 0.01 1000
-287.223772695534 0.01 1000
-91.81161617511734 0.01 1000
-131.36308987051348 0.01 1000
-147.99594558520366 0.01 139
-123.95975024619484 0.01 1000
-59.70317217592279 0.01 1000
-280.5975171385914 0.01 1000
67.07988233846214 0.01 972
179.71675420746828 0.01 665
-65.84364393825584 0.01 1000
-295.01831538527654 0.01 1000
-378.146439335096 0.01 915
227.45468218831218 0.01 304
-131.2498720309286 0.01 150
-774.0706844668831 0.01 829
201.24294491001834 0.01 452
209.72916631232619 0.01 293
-462.352961206623 0.01 1000
-51.871447607742326 0.01 123
234.96439017703804 0.01 483
-277.95043967414574 0.01 300
189.5218031144041 0.01 413
-98.6715452105352 0.01 311
185.42518084582542 0.01 307
-502.7918952257527 0.01 693
-147.29980193249048 0.01 118
217.62484011306705 0.01 414
205.4630183634471 0.01 678
-148.21283205529815 0.01 391
271.8009532040463 0.01 212
194.1725608951 0.01 514
194.18372792913544 0.01 324
-410.52349728129235 0.01 413
-397.85468038998584 0.01 325
242.0939669106463 0.01 332
-83.8761677976477 0.01 306
238.1070022978127 0.01 330
228.98499514888465 0.01 345
240.5740582176154 0.01 337
-57.201882433364844 0.01 294
250.9759658614052 0.01 266
203.94691925721108 0.01 324
-102.2377087025824 0.01 295
132.8333462260739 0.01 555
208.65024910426558 0.01 471
168.8347473616397 0.01 471
185.50710683597603 0.01 433
268.7670816295024 0.01 320
216.45768106093004 0.01 354
218.6553775864641 0.01 347
136.1633077772037 0.01 546
255.20209896534467 0.01 214
258.90562289415845 0.01 322
210.4936211640254 0.01 293
30.99830157588022 0.01 776
200.73290828633893 0.01 436
229.30511855457726 0.01 346
227.93712436856683 0.01 333
-154.28573515834753 0.01 110
226.89251123938814 0.01 346
235.36406394304288 0.01 440
-124.78019781061701 0.01 133
199.37155516811868 0.01 428
-24.892924674207848 0.01 262
-65.27580012975875 0.01 221
222.16634322942633 0.01 443
228.61890096691053 0.01 259
167.6873020768682 0.01 294
226.18098389894413 0.01 349
175.7099109124798 0.01 587
207.34460172272384 0.01 336
196.53941084085386 0.01 288
272.0261809202059 0.01 239
258.6716815419502 0.01 241
210.9764316393469 0.01 382
298.13388371797026 0.01 210
179.16716116916956 0.01 413
267.2743250569766 0.01 212
183.66446390426722 0.01 423
218.36157686978896 0.01 337
197.33313678763034 0.01 380
223.66031574678587 0.01 306
247.86796351883342 0.01 443
-39.695519251434234 0.01 272
210.71261111958944 0.01 426
228.6940029722582 0.01 341
138.7932418712664 0.01 882
-69.77476763726976 0.01 324
246.32406284281257 0.01 374
196.94776184279021 0.01 678
236.0912304015092 0.01 227
270.4907032544803 0.01 303
290.06221076828274 0.01 191
144.9260786342944 0.01 642
233.59609060930782 0.01 317
213.4374182715166 0.01 369
196.1378862668696 0.01 395
242.8112589684112 0.01 281
213.2748479051865 0.01 313
253.97629465515945 0.01 326
229.20981556470642 0.01 412
220.59632691936147 0.01 533
265.1697768639199 0.01 236
-198.5070579088621 0.01 1000
270.189640082198 0.01 376
27.08149865913606 0.01 92
244.85953045252384 0.01 402
163.7586839944691 0.01 273
262.3020624311107 0.01 253
265.8377179041304 0.01 207
253.9524573601972 0.01 253
239.28601345524123 0.01 323
159.00944114277468 0.01 573
-23.701257507590327 0.01 111
267.8316938555545 0.01 267
258.1875783137965 0.01 353
266.565838216234 0.01 200
243.64756076221036 0.01 235
260.2519305157032 0.01 254
259.2245143943195 0.01 244
243.44458132138567 0.01 275
240.18565007034812 0.01 349
22.024778274927684 0.01 154
130.56606384577577 0.01 499
225.4005834030483 0.01 266
234.35661674319005 0.01 307
269.97657899803664 0.01 229
270.76413918795083 0.01 226
239.16222394468912 0.01 352
193.73377002614606 0.01 306
242.18596450214756 0.01 322
224.26064038530888 0.01 377
217.35873622233174 0.01 329
254.0294129819498 0.01 211
268.8180643311262 0.01 237
264.67155925333054 0.01 241
273.87569098668007 0.01 315
241.75536987756493 0.01 280
274.34620446387663 0.01 230
219.11187821339178 0.01 284
239.23491763861372 0.01 221
225.71231145022227 0.01 274
218.109370360865 0.01 298
249.80911426124138 0.01 289
255.3190312433084 0.01 322
279.31601751562596 0.01 175
261.32647575572526 0.01 250
257.79076827935023 0.01 170
236.35751858156965 0.01 319
246.09744872748533 0.01 212
232.20940715905283 0.01 231
253.99908569424787 0.01 373
255.40443253587543 0.01 353
290.36939483486617 0.01 179
236.57534863134367 0.01 210
239.4994846848663 0.01 346
227.47395638459287 0.01 314
253.00625956408052 0.01 210
276.97160329296395 0.01 248
218.36880603359316 0.01 365
258.0012374537166 0.01 244
242.69631953771383 0.01 368
243.6189766849569 0.01 305
-4.253081242915542 0.01 170
244.543261061001 0.01 334
246.82687786731913 0.01 193
283.5756744274256 0.01 181
251.09244922303233 0.01 281
262.04182897001294 0.01 245
282.9947248668474 0.01 183
268.1263021865102 0.01 196
249.60922593207275 0.01 200
234.57618566861373 0.01 395
249.80878779264137 0.01 271
278.7694215188334 0.01 232
246.93390494068314 0.01 176
259.85887720816714 0.01 230
252.9101920358249 0.01 246
227.10770337228854 0.01 296
251.9605213709745 0.01 323
239.54001439987786 0.01 220
234.55536875401344 0.01 200
264.1708370748624 0.01 160
260.8469550903863 0.01 260
271.12416296458537 0.01 235
300.01612669631425 0.01 163
214.350452129285 0.01 343
260.8791357863618 0.01 385
236.3309573575466 0.01 239
260.43163487066977 0.01 206
240.5690872529329 0.01 235
190.72049705960052 0.01 308
287.1801933639973 0.01 199
280.80665798094185 0.01 196
-196.2449862509041 0.01 1000
267.8535544770539 0.01 255
255.31491158824335 0.01 192
253.3406243473415 0.01 374
232.8740730725638 0.01 344
275.10643316219785 0.01 254
256.87832336526236 0.01 196
41.608439349943325 0.01 155
284.7509539988326 0.01 336
275.9305396312354 0.01 276
271.8951707965583 0.01 234
257.4891516851004 0.01 202
281.84335857523536 0.01 224
237.02878770335164 0.01 288
242.26978288507402 0.01 337
209.28218285017084 0.01 305
271.0362351001025 0.01 225
-80.29709666000551 0.01 96
216.54727878987703 0.01 256
6.738121407754207 0.01 124
244.29401071784295 0.01 265
189.6499398442059 0.01 345
-21.522822718322573 0.01 150
175.24927017947667 0.01 321
250.94869525554225 0.01 221
269.3220283407379 0.01 246
208.05624140968666 0.01 429
110.93455287291975 0.01 815
256.12373621586994 0.01 177
237.28484770198003 0.01 317
258.21204468624126 0.01 280
232.90547522770376 0.01 216
234.44467062902658 0.01 418
278.41549633669786 0.01 219
260.0552682234696 0.01 221
271.53375196120976 0.01 288
265.63881844701694 0.01 251
233.2867553750654 0.01 316
216.58159480059768 0.01 563
265.57208180946975 0.01 217
250.25063433267806 0.01 198
242.704928327493 0.01 195
273.72052790186376 0.01 205
244.0102386381793 0.01 292
244.92387426298046 0.01 194
226.97423870825108 0.01 685
263.57781882963377 0.01 246
276.73702842612477 0.01 244
275.8902874716241 0.01 233
56.759675944473535 0.01 670
245.3044247044146 0.01 396
259.8847526971055 0.01 220
178.69342505398924 0.01 598
271.58943854055224 0.01 234
152.014570996438 0.01 371
267.03189527090126 0.01 350
282.42094854703373 0.01 189
288.53205037281316 0.01 258
0.2772862604095252 0.01 139
278.39963846261196 0.01 180
252.55260412509494 0.01 201
274.80357405785367 0.01 207
240.99024026407798 0.01 323
27.36220643002801 0.01 112
239.39957387143662 0.01 294
214.40359881466196 0.01 234
241.8216554071732 0.01 273
236.9494791000489 0.01 221
185.24418602240345 0.01 444
143.38357915076682 0.01 362
229.02755320039157 0.01 237
124.51460812654216 0.01 383
247.2803017859864 0.01 173
278.2237941261966 0.01 233
59.294393927709194 0.01 123
236.388850389905 0.01 181
219.29610994516486 0.01 174
36.945057867488714 0.01 98
144.8620833078287 0.01 331
304.639677953943 0.01 207
11.229058350989959 0.01 111
197.42320200749725 0.01 430
262.5283213219641 0.01 195
202.253398759094 0.01 248
255.39321801515285 0.01 340
255.94417468912283 0.01 182
32.96322995101889 0.01 138
238.8210486205418 0.01 237
197.71171620125926 0.01 539
14.794477983342702 0.01 97
21.361145217607728 0.01 92
-13.814517156211352 0.01 133
27.252821523855317 0.01 112
257.0892996230575 0.01 174
277.4053515827683 0.01 208
161.52759009673653 0.01 225
261.9794214109147 0.01 202
272.503029033674 0.01 178
281.94593440759843 0.01 209
28.911257170496185 0.01 127
251.28424150413264 0.01 212
-144.15157856738023 0.01 194
261.044188924482 0.01 212
37.03421570467373 0.01 172
239.5785871196959 0.01 425
-14.442559543403263 0.01 90
10.92772198692812 0.01 116
226.21205809274397 0.01 346
-19.148537770482847 0.01 110
247.40270279003312 0.01 213
59.140316065722686 0.01 196
258.03584025957576 0.01 177
246.77133049322273 0.01 178
31.75629645833746 0.01 145
39.4939843351043 0.01 91
-10.439727785035544 0.01 125
203.66765977191176 0.01 249
168.27336555538113 0.01 266
202.83315326781252 0.01 341
273.27442160524123 0.01 213
278.3937693516555 0.01 187
-57.415129610049114 0.01 111
260.18680879782426 0.01 232
26.87396131209246 0.01 167
242.2647074440761 0.01 450
269.27351699508165 0.01 381
277.15713281692547 0.01 175
54.209397324948526 0.01 150
199.34300418051396 0.01 273
250.41966882416025 0.01 220
259.52052677921586 0.01 252
266.19822248300363 0.01 273
263.66648311226106 0.01 423
198.00254734093755 0.01 299
252.08325128584684 0.01 296
-12.438816115078652 0.01 131
270.6950140728145 0.01 216
218.0716222632372 0.01 454
277.7666444137169 0.01 157
24.05159476280346 0.01 109
-8.905683725648785 0.01 121
-27.714660347841672 0.01 110
4.95658291284164 0.01 130
258.0091555578907 0.01 303
244.9776958213895 0.01 250
230.98958803879614 0.01 364
-14.953652113230163 0.01 79
264.43189130541236 0.01 216
245.11288586622203 0.01 211
219.17059584443544 0.01 335
242.22234956113962 0.01 302
260.23804215166456 0.01 247
99.01946552569777 0.01 349
70.26980768617418 0.01 149
245.3561512580674 0.01 163
37.73065432844956 0.01 83
242.1032335844915 0.01 322
65.43866926730644 0.01 157
268.8180661736567 0.01 185
291.55652263018044 0.01 174
244.98153112997153 0.01 247
50.075607082378895 0.01 121
261.0094729243344 0.01 164
37.74509277631876 0.01 165
284.36121038902303 0.01 237
247.20426407861885 0.01 214
232.33274454627937 0.01 241
241.9783200674794 0.01 217
263.7150823525352 0.01 173
-13.938073679104647 0.01 151
254.29512586628718 0.01 313
43.59423837989564 0.01 100
271.8624151440523 0.01 150
281.374146034909 0.01 203
261.08664814832366 0.01 210
271.6112261743922 0.01 179
272.0777673536058 0.01 467
223.51889369588383 0.01 350
287.6831454912068 0.01 146
25.567362620118757 0.01 101
250.93302327707872 0.01 285
270.70472730385524 0.01 237
208.91849277547482 0.01 403
264.79609198230054 0.01 182
250.83295922214148 0.01 232
263.1756877959288 0.01 272
-19.60757259928546 0.01 123
273.82638566332344 0.01 277
261.95984245320756 0.01 357
256.75053501847424 0.01 161
280.43012179839684 0.01 152
268.8524487317445 0.01 217
237.80875981188987 0.01 249
292.8229925718913 0.01 183
270.1413508902227 0.01 275
233.83990145097226 0.01 539
270.8065226244339 0.01 204
202.92741370095445 0.01 359
276.3210059670298 0.01 229
261.12718519421196 0.01 168
264.79506871530685 0.01 294
243.67784398238706 0.01 618
282.8009680088073 0.01 142
188.75890952698188 0.01 482
6.074169103455873 0.01 103
-11.20226964707652 0.01 116
9.487420103734792 0.01 110
178.12774605751895 0.01 665
227.6074607055229 0.01 443
225.71209821302938 0.01 366
273.43355854873005 0.01 235
246.64384105619095 0.01 128
264.41754198263334 0.01 263
-14.854469804083891 0.01 129
-171.10137374380454 0.01 137
283.4487583697617 0.01 221
245.8152240170729 0.01 195
268.52597865506726 0.01 252
245.29763890459276 0.01 227
246.9254253659294 0.01 224
269.2507718880073 0.01 247
271.2852393485402 0.01 161
18.189787110199873 0.01 89
263.89511746562357 0.01 372
210.92406326724057 0.01 207
221.13699912163628 0.01 274
232.57003655352528 0.01 355
-28.86277923639328 0.01 119
260.9987341196345 0.01 166
264.19685312193417 0.01 274
254.41918206358957 0.01 305
211.5064454161118 0.01 284
-36.84475773423917 0.01 106
242.68436682070262 0.01 182
262.4623939485044 0.01 291
252.81008067660892 0.01 406
77.50230303840978 0.01 423
280.32656427487535 0.01 192
37.24892985953605 0.01 107
243.58607241318657 0.01 380
248.01064999681384 0.01 182
-37.550895833523896 0.01 85
252.0461625733508 0.01 268
240.0836883899462 0.01 238
-15.775542775820384 0.01 112
250.3399863892304 0.01 245
-7.049430028239215 0.01 119
62.443106214580496 0.01 97
297.43013824173846 0.01 253
266.8188984831577 0.01 195
282.45154209711313 0.01 276
53.579404575454134 0.01 104
39.87880591197427 0.01 131
259.1405497866956 0.01 181
-16.03379791517314 0.01 174
245.93759152592958 0.01 214
251.8898591086788 0.01 213
238.34371448083505 0.01 189
301.2893441813117 0.01 191
63.67376751537273 0.01 122
-211.86691260510582 0.01 161
56.1559253645604 0.01 123
289.8469131913594 0.01 162
246.3185593623773 0.01 183
264.4357842853765 0.01 190
232.18591579886277 0.01 378
-61.384766850106416 0.01 142
-54.55298288384191 0.01 170
257.9189095975307 0.01 232
266.40723398733314 0.01 216
195.17096343496667 0.01 887
252.7262422760126 0.01 172
213.16971248371746 0.01 687
10.922814235131298 0.01 169
280.9132952512967 0.01 191
255.92405290095826 0.01 271
265.4825857009944 0.01 298
234.4412675255185 0.01 200
230.60304092776457 0.01 198
22.189308398743464 0.01 139
285.29741344310406 0.01 236
-179.12126155492612 0.01 218
287.77330104202025 0.01 263
268.11612816929636 0.01 178
294.6422133691085 0.01 196
263.62401915180675 0.01 254
86.94136644217663 0.01 388
21.80463354349537 0.01 124
260.1800464062125 0.01 213
253.98600247946473 0.01 270
-156.57303501076456 0.01 242
250.20566895116556 0.01 219
270.5578297602512 0.01 252
263.4702699560611 0.01 204
278.5805752436181 0.01 195
257.5178446911601 0.01 223
245.0335357945162 0.01 244
269.8497228461325 0.01 427
251.69298471974435 0.01 245
44.56722336836083 0.01 132
262.33458057514486 0.01 195
24.867028365684945 0.01 147
248.3135006417323 0.01 727
256.1044020645823 0.01 229
273.75075689646405 0.01 296
217.63142764432473 0.01 316
241.2411504981137 0.01 202
257.35887354225747 0.01 141
258.7008203674404 0.01 220
256.7160215102018 0.01 222
253.24204426047365 0.01 195
269.69262466248506 0.01 302
189.85968823079605 0.01 515
263.83653032274105 0.01 434
246.9006592027547 0.01 204
279.5625735550543 0.01 206
248.0169229164907 0.01 199
242.42222000766253 0.01 153
275.14326493638913 0.01 260
271.89535444115006 0.01 254
277.6434743012935 0.01 203
269.6655904810609 0.01 176
247.29839669726388 0.01 211
247.20733072215015 0.01 199
271.6683363002449 0.01 217
244.76017658136314 0.01 243
39.3182403332255 0.01 164
176.20762083578848 0.01 527
247.91746410879557 0.01 236
258.69151594524635 0.01 220
279.7412906326027 0.01 213
253.67184321296665 0.01 223
-11.108751835052914 0.01 145
267.7688408412279 0.01 185
244.4581266415102 0.01 155
290.25552642494756 0.01 205
277.63664479801736 0.01 205
45.39574486236506 0.01 98
217.51677632131435 0.01 359
242.9609889696053 0.01 221
266.8238856289339 0.01 259
267.4275443707866 0.01 187
27.989604306965944 0.01 112
274.56175217207345 0.01 177
271.85131255280527 0.01 197
251.89064541170816 0.01 164
209.55625687773613 0.01 242
255.73215509521265 0.01 367
255.5778557972411 0.01 299
301.750366104299 0.01 243
35.02459802092318 0.01 128
44.48802195312419 0.01 100
279.41922247276045 0.01 230
273.2461494922976 0.01 241
267.56821662096473 0.01 202
48.89206773689045 0.01 129
217.4986182381832 0.01 312
216.1320453165412 0.01 431
272.9328690587547 0.01 331
257.41022168868784 0.01 234
-24.049655248330765 0.01 159
245.99029463733072 0.01 227
278.5418285263559 0.01 227
267.30867719426584 0.01 182
51.958468454282325 0.01 118
273.4023495004569 0.01 174
269.95833004899134 0.01 158
218.9068830848625 0.01 268
55.19501208946227 0.01 109
247.04608720409115 0.01 371
242.84088266515332 0.01 192
21.410649211277914 0.01 116
270.3871531477192 0.01 251
268.26672430085557 0.01 190
55.62462338511466 0.01 129
268.08596597061717 0.01 213
274.47706198111456 0.01 278
245.89234149696154 0.01 193
267.14662700199375 0.01 253
48.6761502803742 0.01 144
245.09764151041557 0.01 176
280.4819517340468 0.01 149
268.3343389079887 0.01 217
245.07528599270069 0.01 418
266.65328366918516 0.01 260
240.26749407505721 0.01 184
281.8610585925635 0.01 167
36.45790149970779 0.01 125
38.787641472363305 0.01 127
2.9763247232651793 0.01 146
267.7224453773709 0.01 229
44.19195331258794 0.01 130
41.32676896893426 0.01 107
222.3072213141083 0.01 181
285.7170968038579 0.01 213
286.1629137820544 0.01 205
52.139071096983514 0.01 119
268.73975872704057 0.01 189
254.8527857696637 0.01 204
255.18835481485416 0.01 252
283.84200628482347 0.01 284
283.9021920164671 0.01 218
274.6299536791672 0.01 255
214.071451544367 0.01 581
266.54316771157664 0.01 209
251.64383171368942 0.01 249
40.93885166483568 0.01 138
278.4417994643686 0.01 223
37.02806757843254 0.01 132
13.034778324645558 0.01 112
287.5557134101518 0.01 234
280.3639389483061 0.01 300
275.0505331415796 0.01 269
39.48237000600858 0.01 143
69.54207354201097 0.01 144
50.835577033573486 0.01 127
48.539704239950936 0.01 96
19.537505656236164 0.01 111
69.97948716717508 0.01 147
-7.697110614981312 0.01 132
25.66739662055808 0.01 121
36.22141889499781 0.01 111
299.39203422258254 0.01 190
-52.64602321436312 0.01 155
261.22599725178475 0.01 225
251.23843098268804 0.01 195
265.7743955439371 0.01 184
236.5422715062682 0.01 237
271.70365798669786 0.01 254
-69.03217258711231 0.01 278
298.0538523738819 0.01 228
279.1733009731807 0.01 187
282.7390748988729 0.01 201
66.81045214566527 0.01 152
266.2810880725814 0.01 357
283.92913269603014 0.01 212
236.60057818462803 0.01 194
88.61270829595118 0.01 1000
212.94113023550057 0.01 342
57.86199553605931 0.01 135
16.01065629149778 0.01 132
287.41987702397086 0.01 184
55.256803524257975 0.01 110
242.69462540352424 0.01 212
295.60527370317743 0.01 243
260.06052541922185 0.01 204
32.233988332084664 0.01 157
299.24757680523055 0.01 194
-11.417367412881973 0.01 119
279.2629652001174 0.01 194
45.87069965006461 0.01 164
277.3904455163314 0.01 239
17.942782571631625 0.01 121
271.562322277281 0.01 189
289.95553901594883 0.01 221
55.304761010889024 0.01 117
273.4436675368839 0.01 289
277.5295892916604 0.01 203
273.3588902002955 0.01 191
271.3308880737118 0.01 188
274.2409219302434 0.01 200
247.8260327133446 0.01 199
246.66614704114028 0.01 232
40.30204177514602 0.01 115
275.68468576478836 0.01 295
39.05623649837145 0.01 102
280.2094094957223 0.01 226
15.811654820419363 0.01 148
253.07748456454232 0.01 200
277.9025188061963 0.01 156
274.0237155921574 0.01 207
243.18240151105735 0.01 217
272.413790622614 0.01 176
258.118118537539 0.01 469
33.28665653605927 0.01 119
277.53108953637184 0.01 182
31.828211143347005 0.01 96
228.82118608171302 0.01 297
55.68011507670056 0.01 153
253.00509355679395 0.01 187
27.845062736209613 0.01 95
239.96125283181848 0.01 212
19.460365495072267 0.01 96
270.45284423908515 0.01 207
282.06468009808464 0.01 219
22.831716649173302 0.01 140
292.9672799257329 0.01 207
51.10845973780462 0.01 126
262.9314812019439 0.01 248
274.19613607287897 0.01 324
272.29204649567515 0.01 232
257.4939595825109 0.01 313
54.106240706282904 0.01 165
264.9095346705169 0.01 238
7.171456584341328 0.01 149
247.75617678901975 0.01 241
282.19271430934367 0.01 199
279.16707390376405 0.01 228
267.3506696225249 0.01 182
255.37745220177317 0.01 230
249.4206204219132 0.01 205
271.39203256995665 0.01 254
271.95370678064404 0.01 207
262.1873987355048 0.01 215
247.19861415986082 0.01 298
256.10965510301236 0.01 165
235.93871676718823 0.01 272
48.52354836979049 0.01 216
47.431191134500835 0.01 123
277.1877044579136 0.01 214
199.55066615444144 0.01 502
252.9397193806034 0.01 259
293.50900385626943 0.01 195
31.47591068977789 0.01 212
245.20179365924014 0.01 222
265.1537931872671 0.01 178
288.2082646797098 0.01 214
266.47598539647936 0.01 201
286.18716502332205 0.01 188
290.3961519426611 0.01 142
259.31022702873963 0.01 255
259.6974688042304 0.01 275
283.13499065173534 0.01 172
289.23005898583085 0.01 197
267.54687435768017 0.01 197
273.13403735350397 0.01 171
253.92044289150732 0.01 232
283.2675532163401 0.01 206
256.56912173141393 0.01 194
284.7151631818671 0.01 225
268.8732160679034 0.01 224
284.2825615040257 0.01 165
288.8928461286305 0.01 168
268.54463865261573 0.01 195
258.4612332586984 0.01 203
280.2765645436006 0.01 210
256.8660891064584 0.01 173
53.001208888966715 0.01 93
15.511924934553676 0.01 115
289.0447930030621 0.01 187
245.2424999078036 0.01 227
246.06798199830013 0.01 202
268.73102729699036 0.01 165
278.9964654375444 0.01 177
287.4112214054526 0.01 217
277.3108558045028 0.01 180
277.1771953624839 0.01 207
265.9776920875621 0.01 194
58.00360113444603 0.01 150
287.0768416316066 0.01 176
265.15723135222345 0.01 290
277.2878797191697 0.01 180
275.2596855011018 0.01 227
245.31296239358684 0.01 179
266.043352945985 0.01 135
276.062984034578 0.01 193
269.7929094965666 0.01 253
34.62958242361745 0.01 102
260.89181799252606 0.01 185
31.87336293735487 0.01 123
256.9791718300395 0.01 177
299.3858895820547 0.01 243
20.355791973774572 0.01 91
281.41711465278524 0.01 317
269.53278397522644 0.01 252
280.2648836178333 0.01 185
6.804316979005478 0.01 135
251.74906406740703 0.01 235
25.094855010802604 0.01 87
262.5723317288978 0.01 245
6.581715955738716 0.01 107
268.3546295193285 0.01 216
258.9778056372833 0.01 202
46.824305108131114 0.01 137
266.90524956357734 0.01 182
53.55625210098469 0.01 114
11.248181356476039 0.01 165
32.229494362587474 0.01 91
249.1248535621828 0.01 189
226.54423895039483 0.01 212
-68.0579444568554 0.01 75
42.84843562583541 0.01 93
248.15494254246593 0.01 255
280.1507526425622 0.01 182
262.4027731973629 0.01 260
290.73872907219777 0.01 281
28.00040024210918 0.01 78
30.4807912763238 0.01 106
247.34792446251805 0.01 184
251.59667666181664 0.01 185
7.666036734714666 0.01 107
271.5064738848169 0.01 218
28.291193848328362 0.01 132
247.78581673342734 0.01 169
276.46682849357774 0.01 189
279.4442067311671 0.01 248
261.3077339503112 0.01 174
239.45117893978414 0.01 181
-21.23101116702226 0.01 110
263.9612475423057 0.01 264
42.45658217715939 0.01 175
47.272261435513485 0.01 140
279.0733099714066 0.01 268
138.94064677943663 0.01 306
-94.04929185812259 0.01 192
285.0309293279987 0.01 255
274.0779520333059 0.01 237
260.1329279520081 0.01 184
-28.25665824575421 0.01 104
264.18768091456946 0.01 195
292.25732339767967 0.01 200
3.9062287537036013 0.01 128
258.9888360569992 0.01 224
273.76082921160923 0.01 242
-46.766641831352985 0.01 271
263.2190603956809 0.01 177
264.3564659413268 0.01 213
-179.64919038744983 0.01 110
-67.7937803505946 0.01 74
260.06239238393107 0.01 214
44.568273313583745 0.01 133
276.77600598128663 0.01 217
258.8933822492754 0.01 232
28.573924778497172 0.01 96
18.37763087324629 0.01 133
278.30874721710796 0.01 161
264.1434504970766 0.01 171
254.4737889056544 0.01 260
-2.9959813154084713 0.01 100
-175.2521043130635 0.01 270
279.9102899284229 0.01 235
260.3283351650868 0.01 187
252.5279080474672 0.01 223
-32.02912480841019 0.01 115
20.358975596735007 0.01 121
262.44861199641946 0.01 136
163.39682509301554 0.01 577
36.478270530617294 0.01 89
25.95796602944793 0.01 182
44.885282748555255 0.01 102
273.55436163639945 0.01 271
29.85478038062641 0.01 104
41.51919025628476 0.01 153
24.856316362870274 0.01 125
222.0955461309772 0.01 228
47.39213389088221 0.01 112
252.43666587819226 0.01 350
281.5750061504133 0.01 223
267.01007225903857 0.01 301
14.067410302266325 0.01 124
-16.29820755650799 0.01 105
259.32963274834157 0.01 201
265.84541728748854 0.01 201
299.40979147107726 0.01 216
217.19940290217403 0.01 307
44.52656507289538 0.01 128
236.29179536109146 0.01 179
27.589385659411363 0.01 123
40.81237667271387 0.01 123
250.25289317014312 0.01 376
229.89638671587923 0.01 385
276.5316306470505 0.01 244
248.59145812881235 0.01 172
-22.694287311003194 0.01 98
235.43103446918337 0.01 347
257.66621744027 0.01 181
255.73831305095342 0.01 171
43.07056423648993 0.01 147
268.35072051880024 0.01 185
290.03702065200423 0.01 197
70.47873152376704 0.01 154
-9.090713817577253 0.01 89
45.41414242130389 0.01 131
252.0524562679832 0.01 199
262.71369720544203 0.01 194
223.81128638261262 0.01 511
4.589257354981598 0.01 107
29.351847058103345 0.01 141
261.12336869039734 0.01 376
7.947615773430485 0.01 97
263.23602363812086 0.01 338
285.0144490509323 0.01 254
250.89781667638644 0.01 203
273.91921992814054 0.01 148
281.6438834117351 0.01 245
249.04108158633474 0.01 204
-64.89951989030406 0.01 82
15.73205834183075 0.01 80
32.4038251603468 0.01 130
254.9447835241633 0.01 230
23.283069477972404 0.01 110
11.038516388470683 0.01 91
39.43534592233641 0.01 102
264.0029933989504 0.01 201
275.041342919156 0.01 196
269.4901281878733 0.01 257
239.7654557832397 0.01 183
252.79323535172574 0.01 250
280.05621325080233 0.01 180
275.75006747990574 0.01 190
266.47109813534337 0.01 195
279.2645756651417 0.01 199
257.44096659832354 0.01 179
244.21639516421584 0.01 255
294.29589173635804 0.01 167
17.41695337787408 0.01 98
45.83944517496499 0.01 124
48.18078281886255 0.01 92
262.3981731413721 0.01 177
276.1959036875046 0.01 163
39.51041240847533 0.01 92
282.45932161211095 0.01 332
267.3833576193995 0.01 259
294.3956923948886 0.01 189
275.6152571473091 0.01 273
46.82440584337695 0.01 136
-4.2529553967738 0.01 118
270.7419482659483 0.01 179
253.30897830403546 0.01 472
-1.6140718744681664 0.01 74
283.2950921087132 0.01 189
259.14128528350665 0.01 280
274.114262523332 0.01 228
264.23884037238906 0.01 329
34.5256117700246 0.01 83
-1.5837766666234643 0.01 78
288.9667221273255 0.01 206
262.31476082627705 0.01 217
269.68422433241085 0.01 535
44.09673598604209 0.01 138
65.93065485686111 0.01 121
25.354997929044274 0.01 159
12.812231217532286 0.01 101
285.2048204479063 0.01 161
269.8710962983225 0.01 281
263.17627474423426 0.01 186
285.3965186187414 0.01 172
284.01405326257554 0.01 257
54.04266392165562 0.01 94
306.18634546358624 0.01 229
6.436716648841966 0.01 121
259.81036797540673 0.01 314
32.97070451766763 0.01 95
43.2083371722303 0.01 147
265.16336140098673 0.01 213
289.16477693823833 0.01 210
41.63907618451083 0.01 109
298.1458488873503 0.01 228
